00001;12;26;37;52;66;02;18;27;53;76;09;38;48;61;82
00002;29;40;67;70;85;02;14;48;54;65;13;28;30;75;89
00003;05;16;23;50;67;13;35;42;79;85;03;22;31;51;77
00004;02;10;29;67;80;37;42;57;63;81;13;26;36;46;70
00005;35;57;69;75;88;06;16;23;44;80;08;45;51;65;79
00006;03;11;32;70;81;39;41;53;67;78;01;22;43;58;80
00007;05;34;42;54;61;13;23;36;55;76;01;16;21;72;81
00008;04;23;39;41;65;07;15;50;78;80;18;24;42;71;85
00009;01;10;51;60;78;02;17;20;38;65;39;47;57;75;89
00010;07;26;52;75;88;06;17;46;62;89;11;33;42;63;79
00011;16;40;56;61;82;04;27;32;44;75;22;35;51;60;89
00012;25;39;49;71;86;22;36;45;53;61;02;13;50;63;84
00013;19;21;43;65;82;01;40;64;76;88;03;10;25;31;54
00014;06;12;34;43;81;02;26;57;61;77;13;53;66;75;87
00015;09;12;30;59;60;10;21;36;45;80;06;27;44;73;82
00016;20;34;54;78;89;07;16;32;56;84;08;24;45;63;76
00017;29;33;57;60;78;08;11;38;45;67;13;42;51;74;83
00018;12;32;43;57;86;20;41;59;61;78;01;21;35;62;70
00019;01;12;34;60;82;07;29;43;53;77;16;32;58;66;80
00020;10;25;49;67;79;01;24;32;61;82;05;11;48;56;72
00021;21;30;46;61;72;05;18;20;34;74;03;48;51;66;83
00022;09;23;30;41;86;10;32;54;69;74;03;19;40;55;83
00023;07;47;50;70;88;17;22;34;60;84;23;32;41;53;76
00024;06;26;60;73;80;10;35;55;77;82;17;20;42;57;68
00025;01;12;20;39;40;17;38;44;61;83;02;55;65;72;84
00026;24;39;66;71;83;03;15;36;43;54;18;21;51;64;75
00027;03;14;26;44;68;25;40;54;75;89;08;33;55;77;81
00028;42;50;62;75;83;1201;21;33;51;63;09;14;20;30;81
00029;10;27;35;46;68;02;39;56;67;77;03;13;40;74;86
00030;14;23;46;50;73;06;17;64;74;90;22;32;45;51;86
00031;09;37;51;66;80;04;13;23;40;74;25;35;47;61;84
00032;02;18;23;65;73;09;34;44;51;89;10;35;49;59;61
00033;28;44;52;63;84;07;16;34;43;73;18;25;58;79;86
00034;05;10;24;55;85;36;41;60;72;83;04;12;33;65;73
00035;01;29;38;72;81;14;46;51;65;74;08;21;55;63;80
00036;01;37;43;52;75;10;22;35;44;51;11;21;69;71;84
00037;05;11;39;54;75;01;27;41;60;83;15;21;38;63;78
00038;01;15;25;48;59;13;31;61;72;84;08;37;43;74;82
00039;01;15;44;66;76;09;22;36;51;86;12;29;40;52;88
00040;12;47;66;70;86;06;21;32;44;57;16;24;59;69;81
00041;02;35;41;69;77;12;29;36;59;82;28;51;62;74;86
00042;08;28;42;54;67;10;39;45;59;72;02;36;62;74;84
00043;13;27;33;59;60;03;19;28;55;77;04;36;41;62;90
00044;26;48;65;72;86;05;16;49;55;66;13;20;31;73;82
00045;07;19;21;51;60;14;32;44;71;80;06;20;38;53;79
00046;04;12;22;63;81;38;45;56;67;82;13;20;39;44;74
00047;34;59;60;73;80;08;18;21;41;83;09;47;53;61;74
00048;07;15;35;71;89;30;42;54;65;79;04;24;48;50;82
00049;04;33;47;55;62;18;24;30;56;75;03;10;25;70;83
00050;03;21;31;44;64;07;14;52;78;80;19;20;41;72;89
00051;02;16;54;63;77;09;17;22;35;67;38;45;56;79;80
00052;04;23;59;73;87;05;16;41;69;82;10;33;45;64;72
00053;19;49;58;62;90;06;23;34;46;70;22;31;56;67;81
00054;25;35;43;76;89;28;36;48;53;62;05;12;51;64;85
00055;19;26;41;64;83;07;42;61;70;89;04;10;23;31;52
00056;08;14;36;45;86;06;22;59;68;71;19;57;67;76;89
00057;02;17;31;50;68;13;23;34;46;81;07;20;43;75;87
00058;25;33;53;79;90;08;19;35;55;85;06;23;45;64;76
00059;28;30;54;63;70;07;18;34;49;61;11;43;51;79;87
00060;11;33;44;58;80;27;46;50;62;70;03;24;30;63;77
00061;09;14;36;65;81;05;24;41;54;76;17;38;56;63;86
00062;13;29;43;67;76;03;23;35;62;84;02;10;46;58;73
00063;29;38;48;69;75;06;10;25;37;77;07;49;56;63;90
00064;04;23;39;42;81;16;35;56;67;78;01;12;43;54;86
00065;01;48;58;72;80;12;23;33;63;90;22;32;44;54;70
00066;05;20;69;76;84;15;32;51;71;86;10;29;47;50;62
00067;03;19;21;37;46;15;30;45;68;81;02;55;66;71;83
00068;29;31;69;72;90;04;13;33;41;55;17;21;54;66;71
00069;08;15;27;42;68;28;44;52;75;80;07;37;57;70;89
00070;43;56;65;76;88;04;23;37;55;66;03;12;22;39;87
00071;19;20;36;40;62;07;33;57;61;79;01;11;44;77;87
00072;15;26;46;53;77;08;10;67;79;85;22;33;45;58;80
00073;03;30;52;65;82;09;11;25;45;78;24;33;41;63;87
00074;03;17;28;62;76;07;31;45;53;81;19;34;48;56;69
00075;25;40;53;63;88;05;16;36;45;73;11;24;58;72;81
00076;09;15;27;53;82;32;40;62;76;80;06;17;38;63;74
00077;02;26;31;71;80;13;46;59;64;76;06;23;57;62;82
00078;01;30;43;56;77;18;24;34;46;53;13;22;61;76;89
00079;07;19;31;52;73;06;29;47;67;80;13;20;36;62;79
00080;05;18;23;48;56;12;33;62;73;88;02;36;49;76;80
00081;02;12;43;68;73;05;28;31;54;81;17;29;40;52;89
00082;10;40;66;72;88;03;24;35;46;53;18;26;57;69;90
00083;05;30;48;67;71;14;28;37;52;85;29;50;63;76;84
00084;02;29;47;58;60;16;38;40;50;76;09;33;68;77;81
00085;11;22;36;57;69;03;15;29;56;78;01;35;40;60;81
00086;23;49;64;71;87;08;17;42;50;68;18;29;37;79;83
00087;06;15;24;59;69;12;30;41;72;87;02;21;33;50;78
00088;03;11;20;66;81;36;43;55;62;80;13;27;30;45;71
00089;35;59;60;77;81;07;14;26;40;84;06;43;52;64;78
00090;04;14;34;71;87;38;49;55;62;73;02;23;42;59;81
00091;07;34;43;53;62;16;22;37;54;73;02;17;23;71;82
00092;02;24;38;42;66;08;13;54;77;82;19;25;49;79;81
00093;07;11;52;61;73;01;16;24;37;64;30;46;58;78;87
00094;09;27;51;76;80;02;18;48;63;84;12;34;43;61;71
00095;14;41;57;61;80;05;29;33;45;78;27;39;51;67;88
00096;24;34;41;73;80;23;37;47;51;65;03;14;57;61;87
00097;18;22;44;65;84;08;43;63;71;87;02;19;23;31;55
00098;07;15;35;44;82;08;22;55;69;78;14;56;67;79;88
00099;08;13;39;58;61;11;20;35;47;90;09;21;46;75;83
00100;21;32;56;77;80;09;17;33;57;81;07;25;44;63;75
00101;24;37;51;62;74;06;17;36;46;60;14;43;53;76;84
00102;13;31;42;56;83;25;40;51;62;71;01;20;36;61;74
00103;02;13;35;61;82;08;22;44;54;75;15;34;55;63;90
00104;11;26;40;66;71;02;21;33;62;83;07;14;48;53;72
00105;22;39;45;62;73;07;17;21;35;75;03;42;53;65;87
00106;01;24;33;40;88;11;34;50;68;77;02;10;49;56;84
00107;08;46;51;71;89;11;20;35;62;86;26;31;49;52;79
00108;01;25;60;75;86;11;34;54;77;84;18;21;41;50;69
00109;08;11;29;38;47;16;39;43;67;82;01;54;64;70;81
00110;29;38;67;70;81;02;15;35;44;58;19;20;52;65;78
00111;04;14;28;43;66;27;42;50;73;88;09;32;56;72;90
00112;44;51;63;74;86;07;22;31;54;64;04;16;23;32;82
00113;19;27;34;48;64;09;32;56;67;77;04;12;41;75;80
00114;15;25;47;51;76;07;16;66;73;80;23;34;46;52;89
00115;01;30;52;67;90;05;12;28;41;75;22;34;46;62;85
00116;07;19;25;66;74;06;35;43;55;80;17;34;47;50;68
00117;26;45;51;62;89;06;17;35;44;72;19;22;54;76;90
00118;06;17;23;56;80;37;40;61;73;86;05;13;36;65;74
00119;03;28;31;79;90;15;47;52;66;75;02;29;53;60;83
00120;07;38;44;54;79;17;23;34;45;52;12;24;60;75;87
00121;06;10;38;55;76;02;26;42;61;81;14;22;39;64;70
00122;04;10;26;49;50;12;30;60;71;86;01;38;48;75;83
00123;09;14;45;67;76;08;23;37;50;80;16;28;49;51;82
00124;13;48;67;79;85;02;22;34;47;58;19;25;59;61;86
00125;05;34;42;60;72;13;29;35;51;88;26;57;62;75;85
00126;09;20;45;53;66;11;36;46;58;73;01;37;67;75;85
00127;14;26;35;51;68;04;10;20;54;79;05;33;42;64;83
00128;23;49;66;78;88;01;18;40;55;61;17;22;38;71;86
00129;03;18;26;57;60;19;31;43;70;89;06;23;34;58;74
00130;06;14;21;64;90;30;42;52;68;81;13;29;38;47;72
00131;35;56;66;70;83;01;19;22;46;82;06;49;54;63;75
00132;06;13;36;70;88;35;42;55;66;71;04;25;40;51;83
00133;06;32;44;54;63;14;25;39;53;76;04;19;24;79;80
00134;06;22;30;46;65;08;14;51;77;84;10;29;44;73;90
00135;03;13;53;62;74;08;16;21;34;66;33;48;57;77;81
00136;02;22;51;74;89;07;18;40;60;80;19;34;44;62;73
00137;18;46;50;62;85;08;22;34;41;73;28;30;52;68;87
00138;27;31;42;75;88;24;35;49;52;63;04;18;56;60;83
00139;11;20;45;68;85;08;41;65;73;86;06;12;23;30;56
00140;09;14;34;41;83;05;20;58;60;79;13;54;69;73;90
00141;05;14;36;53;69;10;24;33;47;83;08;26;49;76;84
00142;27;36;59;78;82;08;10;37;54;88;02;22;43;61;79
00143;26;39;50;65;71;09;14;32;44;64;18;45;51;75;88
00144;14;36;45;59;90;28;49;51;63;73;04;26;38;64;76
00145;02;17;34;64;85;06;23;45;53;70;18;33;54;62;83
00146;15;21;47;63;77;02;22;35;61;87;04;16;41;55;74
00147;23;34;45;63;77;08;16;27;36;76;04;40;59;66;86
00148;01;24;35;42;80;19;36;59;68;76;09;17;44;53;81
00149;02;43;58;74;90;13;25;32;66;87;21;30;40;51;72
00150;04;26;67;76;87;14;33;54;78;80;19;27;49;52;61
00151;09;17;27;31;48;18;39;41;69;86;05;54;64;72;85
00152;28;36;60;73;84;06;14;34;42;56;19;20;53;68;77
00153;06;17;24;41;60;26;45;59;74;81;09;34;54;71;80
00154;47;52;66;72;84;03;24;30;56;65;01;15;27;34;86
00155;17;21;33;46;61;08;36;53;65;73;05;12;43;72;89
00156;18;29;45;58;78;09;19;60;71;87;24;34;47;51;82
00157;02;31;51;63;86;06;15;26;43;76;25;38;40;64;80
00158;09;15;27;61;75;08;32;42;52;82;12;33;46;58;60
00159;28;47;52;64;80;02;18;35;46;74;13;26;53;76;82
00160;08;18;26;54;86;39;42;60;71;82;07;14;35;66;76
00161;01;27;30;77;89;17;46;53;67;78;07;22;59;62;81
00162;02;39;44;55;78;12;29;36;48;54;14;24;64;77;85
00163;03;15;30;57;72;08;28;45;61;85;11;23;37;64;76
00164;03;14;24;47;58;17;36;68;74;87;06;30;45;75;81
00165;03;13;45;64;74;04;26;32;55;84;18;28;41;53;90
00166;11;46;65;71;80;05;23;37;48;52;17;27;58;67;89
00167;06;38;46;66;79;17;20;39;59;85;24;52;64;72;89
00168;03;21;44;56;69;10;30;43;59;75;09;38;61;74;86
00169;10;28;38;58;67;04;13;21;54;70;02;37;49;69;80
00170;24;40;66;77;89;09;15;41;59;67;17;20;30;78;87
00171;02;17;25;58;63;13;31;40;77;86;01;22;30;52;72
00172;05;13;23;65;82;31;44;58;66;90;10;25;34;48;76
00173;36;58;61;76;90;02;15;24;41;81;07;44;50;68;71
00174;08;12;33;72;86;36;43;54;66;70;03;21;44;52;82
00175;06;30;45;52;61;17;28;38;53;74;02;11;22;73;86
00176;05;23;37;43;63;09;13;50;76;89;18;26;48;70;80
00177;02;12;55;64;76;01;18;23;39;65;38;49;52;74;86
00178;08;21;50;73;90;03;19;47;61;83;15;33;45;60;70
00179;17;46;58;60;81;07;25;35;47;79;23;36;52;69;80
00180;24;32;40;72;87;25;34;46;52;64;07;15;58;62;86
00181;10;22;42;66;86;01;40;62;77;80;07;11;24;33;55
00182;01;13;33;42;87;07;23;50;60;72;18;55;68;77;80
00183;03;18;32;51;62;11;22;34;48;89;08;29;47;77;86
00184;24;35;55;76;87;01;18;34;50;80;05;20;46;62;77
00185;25;36;55;69;73;01;15;33;45;68;13;44;52;78;86
00186;10;34;44;59;87;26;42;50;61;79;02;23;31;60;75
00187;08;16;37;62;83;09;21;42;52;77;14;36;50;65;82
00188;12;27;40;65;70;04;20;34;60;85;06;13;49;57;71
00189;28;31;47;60;74;01;19;22;38;78;06;41;52;64;88
00190;01;25;34;40;87;17;33;53;66;75;07;11;42;57;82
00191;01;42;55;70;81;10;21;31;61;85;20;39;43;56;71
00192;07;23;61;74;85;15;36;53;78;87;11;25;48;51;63
00193;02;10;29;30;49;16;38;46;60;84;01;56;65;77;82
00194;20;30;68;75;82;07;12;37;45;59;18;29;55;60;76
00195;07;16;25;41;67;26;43;51;71;87;01;31;52;78;88
00196;43;55;64;73;82;04;20;32;50;66;08;13;21;31;80
00197;11;29;37;49;60;01;32;58;66;72;02;10;45;76;90
00198;16;22;44;52;79;02;11;68;78;89;21;34;46;59;87
00199;01;39;50;62;85;08;14;24;42;76;23;32;43;60;83
00200;08;16;24;67;72;01;33;41;54;83;18;36;46;57;63
00201;27;46;50;63;85;01;18;37;47;72;17;24;59;70;86
00202;07;16;25;58;81;38;43;69;74;85;08;15;34;67;75
00203;04;28;32;70;87;14;45;50;63;77;03;20;54;61;84
00204;06;30;42;53;76;11;25;33;46;56;10;23;62;72;88
00205;02;18;30;53;74;01;25;46;62;90;10;29;38;63;72
00206;02;19;27;40;57;11;32;63;74;85;07;37;44;70;84
00207;08;16;44;65;75;07;29;38;57;82;13;20;41;51;80
00208;14;49;64;78;87;07;23;33;45;59;15;27;58;60;88
00209;08;37;47;61;73;14;21;30;50;86;27;56;63;71;87
00210;01;20;46;55;68;12;37;49;51;74;03;31;69;78;82
00211;15;25;34;58;61;07;14;22;55;73;05;32;43;68;84
00212;22;44;68;79;80;07;18;43;52;69;15;21;39;70;84
00213;05;10;27;56;67;11;33;45;72;90;07;20;32;54;70
00214;05;15;20;62;89;39;40;51;68;82;14;22;34;44;75
00215;38;57;65;79;82;01;10;20;45;83;05;40;55;60;73
00216;05;16;37;72;80;39;46;54;63;75;03;20;47;51;90
00217;05;33;46;52;64;14;27;36;55;77;03;18;24;74;87
00218;04;22;32;45;68;06;16;56;75;83;13;21;43;79;86
00219;08;17;50;62;75;02;14;22;36;63;30;43;54;76;88
00220;08;24;50;75;81;04;17;49;61;87;16;35;47;62;76
00221;11;41;53;64;83;05;21;35;40;74;24;37;55;69;84
00222;24;32;40;74;81;23;36;41;55;67;06;19;52;63;86
00223;12;23;43;67;80;09;47;69;79;90;07;11;22;32;55
00224;02;15;37;48;88;09;21;56;69;74;10;55;62;71;81
00225;04;15;34;52;65;12;25;36;49;82;09;28;48;74;85
00226;26;37;51;73;85;09;11;36;59;86;02;27;46;69;77
00227;27;38;53;64;72;04;19;37;47;63;11;42;56;77;89
00228;15;37;48;58;82;21;40;57;64;72;05;20;30;65;79
00229;03;15;39;62;84;08;20;46;56;78;19;37;57;65;81
00230;16;20;49;62;74;05;25;37;63;86;03;15;47;54;73
00231;22;32;44;64;79;06;11;23;36;76;02;40;50;65;80
00232;05;28;36;40;90;18;35;52;60;79;08;15;45;53;89
00233;09;49;59;75;82;12;24;36;67;88;23;30;48;57;76
00234;02;27;62;77;89;11;30;51;72;85;19;26;41;57;60
00235;04;18;28;36;45;19;30;42;64;85;02;51;66;76;80
00236;27;37;61;74;85;05;18;39;40;50;10;22;56;67;72
00237;05;15;29;42;69;25;44;55;76;90;06;34;57;72;85
00238;48;57;62;71;89;08;21;32;54;67;02;11;24;36;83
00239;18;23;34;47;63;09;38;53;62;78;06;11;42;73;88
00240;17;21;47;57;77;01;18;69;70;86;29;33;46;51;88
00241;02;38;51;64;81;07;17;27;44;77;21;34;42;69;86
00242;01;14;26;60;74;07;33;46;54;81;15;35;47;51;66
00243;26;41;57;65;86;04;17;36;49;76;16;28;59;78;84
00244;04;14;28;52;87;35;42;63;71;85;05;16;37;64;77
00245;09;29;39;78;88;16;47;57;65;70;01;27;59;60;86
00246;03;33;45;57;70;15;26;35;40;55;19;27;67;78;80
00247;05;14;31;56;71;07;20;44;60;81;12;21;34;65;73
00248;06;17;25;46;51;18;37;69;70;82;03;38;40;74;90
00249;04;11;44;63;75;06;25;33;56;83;10;20;48;59;86
00250;13;47;62;73;89;04;21;36;45;50;15;28;58;61;80
00251;07;39;47;68;70;16;29;38;58;84;25;57;65;79;88
00252;04;22;45;54;61;11;30;47;50;77;01;32;62;75;90
00253;11;27;36;59;63;06;12;25;52;71;04;31;45;66;87
00254;29;40;68;71;83;03;13;44;56;63;16;27;32;70;85
00255;04;12;20;56;68;10;30;46;73;88;08;23;39;59;71
00256;07;12;25;63;88;34;41;51;67;83;16;20;39;47;76
00257;33;58;69;78;89;02;11;29;49;84;04;48;56;67;72
00258;06;17;35;77;82;32;46;52;66;70;01;22;49;50;84
00259;06;39;45;57;63;15;26;37;54;70;05;11;25;78;89
00260;05;20;33;47;66;01;11;57;73;80;14;22;45;70;82
00261;09;19;50;65;77;04;15;23;30;64;35;42;53;74;90
00262;01;23;52;78;82;04;19;48;62;90;16;36;47;61;74
00263;10;40;54;66;84;09;28;33;44;71;20;31;53;65;90
00264;29;37;44;73;82;23;31;40;54;68;01;17;59;63;84
00265;13;21;48;60;81;07;41;61;72;84;05;12;20;38;57
00266;03;16;35;40;84;02;29;51;66;73;18;56;61;72;85
00267;06;16;33;53;63;17;27;35;48;87;05;29;40;77;80
00268;27;36;55;78;80;05;14;39;51;86;09;22;43;65;77
00269;23;34;56;62;74;08;13;39;43;64;12;47;50;78;80
00270;18;35;43;50;88;20;41;56;65;76;04;25;37;66;78
00271;05;14;30;63;90;07;20;41;55;79;11;33;56;67;87
00272;19;28;48;64;75;07;21;36;65;89;03;12;43;59;76
00273;24;33;43;67;79;08;16;29;32;75;03;41;52;64;81
00274;06;26;37;45;89;13;36;57;62;71;08;18;41;58;80
00275;02;41;54;73;83;15;26;37;61;80;22;31;49;53;75
00276;08;29;66;79;88;10;31;52;71;89;13;24;40;53;64
00277;04;16;26;30;47;14;39;44;63;90;05;56;60;70;89
00278;23;38;62;78;86;05;13;31;48;51;19;26;59;69;79
00279;07;16;22;43;61;26;45;58;77;83;04;37;55;79;82
00280;48;53;62;75;88;01;25;31;57;65;02;17;26;34;84
00281;17;23;33;45;68;04;36;58;64;71;03;10;44;79;81
00282;19;21;42;58;76;09;12;66;72;84;24;36;45;50;81
00283;08;34;52;65;83;07;16;27;46;77;22;31;44;69;82
00284;04;11;29;68;75;03;36;45;55;82;16;37;49;52;62
00285;27;46;58;62;87;03;15;37;48;75;12;23;55;77;80
00286;05;19;23;57;84;38;41;65;72;89;07;18;31;63;78
00287;06;23;38;73;84;15;40;51;60;79;09;24;58;65;90
00288;05;35;46;58;71;16;28;37;49;57;10;25;65;70;86
00289;04;16;32;51;77;09;21;43;68;87;14;20;35;67;78
00290;07;15;26;46;52;19;38;60;75;80;02;39;41;70;81
00291;05;19;46;69;77;07;24;35;53;87;16;21;47;50;85
00292;14;41;69;74;90;04;26;36;49;55;15;20;50;68;85
00293;05;39;40;62;79;12;22;33;53;82;28;50;68;74;80
00294;07;22;45;57;64;19;39;48;56;71;02;30;60;78;80
00295;10;26;38;57;65;05;16;24;56;74;02;36;46;60;83
00296;24;42;65;73;84;03;10;46;58;61;12;29;35;74;80
00297;03;12;21;54;61;18;34;43;72;85;07;24;30;51;75
00298;03;17;22;61;84;35;47;53;64;86;15;25;30;41;71
00299;33;51;64;70;89;03;16;27;40;85;07;42;58;68;77
00300;04;19;31;73;83;37;48;55;61;75;02;24;40;58;86
00301;04;35;40;56;68;12;29;39;55;74;01;13;28;76;90
00302;06;25;36;47;67;03;13;52;75;90;12;26;48;77;83
00303;04;14;57;64;79;03;19;21;36;67;33;42;50;72;88
00304;06;29;53;79;87;07;12;40;64;81;18;30;46;63;78
00305;17;46;56;62;88;08;21;31;42;77;23;36;59;60;86
00306;25;38;41;75;84;23;34;42;50;61;03;15;54;67;87
00307;15;25;42;69;89;08;40;63;73;83;06;14;26;36;50
00308;04;13;39;47;85;03;27;52;60;76;12;53;62;74;83
00309;07;15;37;51;63;18;21;38;48;86;03;27;42;78;80
00310;21;34;50;77;84;04;13;30;53;90;06;28;47;63;73
00311;21;30;59;66;75;02;13;31;42;65;11;44;53;72;83
00312;19;33;44;54;83;27;48;56;68;79;08;23;37;67;73
00313;09;10;31;64;87;01;22;47;58;70;18;33;51;63;85
00314;19;21;40;60;78;02;27;34;69;80;04;17;41;57;75
00315;23;33;43;65;74;07;12;24;35;73;03;47;51;66;84
00316;07;25;32;45;82;14;39;58;63;73;02;16;47;52;88
00317;02;43;58;76;85;17;26;31;63;84;27;38;47;52;73
00318;06;28;67;70;81;10;31;58;76;90;13;29;44;52;66
00319;06;19;24;39;43;18;31;49;62;80;04;57;60;79;88
00320;25;31;64;75;80;08;14;30;46;58;17;27;52;68;71
00321;09;18;23;49;63;29;42;53;72;80;07;36;59;73;84
00322;43;52;64;73;80;05;24;31;55;60;03;19;28;39;90
00323;12;27;32;46;66;04;38;53;69;77;07;18;42;72;86
00324;19;21;48;59;78;02;17;68;74;85;28;31;43;58;82
00325;03;32;53;66;88;05;15;20;48;70;21;34;43;67;90
00326;06;11;29;60;72;02;30;46;59;86;12;37;45;56;68
00327;28;45;57;63;82;05;10;33;44;76;15;23;58;77;81
00328;06;12;25;57;89;35;46;66;77;86;08;11;39;62;79
00329;09;25;35;74;83;19;47;59;67;71;06;28;52;63;87
00330;08;34;40;54;75;19;21;36;48;50;12;22;69;72;81
00331;01;19;34;52;70;06;25;44;66;89;18;29;36;62;75
00332;09;12;23;47;55;13;37;60;76;85;03;35;43;73;80
00333;06;10;43;61;73;01;20;34;57;86;19;21;44;54;81
00334;10;41;63;70;89;05;20;32;48;51;14;22;56;69;83
00335;04;37;40;67;70;11;25;34;55;85;23;57;65;71;82
00336;06;24;46;55;66;11;36;42;53;70;04;30;60;72;89
00337;18;23;35;50;62;05;11;24;53;74;04;34;48;63;85
00338;22;41;69;72;83;02;11;45;56;63;19;28;34;75;87
00339;06;11;29;55;69;16;39;42;71;84;08;21;33;57;73
00340;04;13;21;61;83;33;44;50;60;89;12;24;39;46;78
00341;39;58;67;77;80;09;12;28;47;86;02;48;56;62;76
00342;02;18;38;79;90;31;45;59;68;72;09;23;41;52;81
00343;07;30;48;55;64;15;29;39;52;79;06;12;26;77;88
00344;03;21;33;46;64;02;10;58;72;89;15;25;42;79;87
00345;01;18;51;63;76;05;13;28;31;62;37;44;56;75;82
00346;09;25;51;77;84;05;10;44;60;85;17;34;46;63;75
00347;15;42;52;66;87;06;27;31;48;72;21;34;57;68;82
00348;26;38;41;74;90;29;32;43;58;66;04;10;55;68;85
00349;14;22;44;69;87;02;46;68;78;81;09;13;24;39;58
00350;08;18;38;46;89;01;23;50;65;74;19;51;60;79;82
00351;07;13;35;54;64;18;20;37;40;88;06;29;41;77;81
00352;22;30;56;76;89;06;14;31;54;83;04;20;40;69;71
00353;22;35;57;61;76;01;12;30;41;66;15;43;52;79;90
00354;11;34;42;51;89;29;43;53;67;75;06;21;39;66;71
00355;03;15;39;67;88;08;21;42;57;78;10;34;52;66;84
00356;10;29;41;68;72;06;22;36;66;88;05;18;49;56;75
00357;27;36;47;60;76;09;13;28;33;74;06;42;57;67;89
00358;02;27;31;43;84;18;37;53;69;72;09;13;46;52;85
00359;03;40;51;74;84;14;27;35;60;89;25;30;46;58;76
00360;04;28;63;78;90;14;37;52;76;83;18;20;49;57;65
00361;05;10;21;35;44;13;31;43;62;87;03;53;69;78;86
00362;22;39;68;77;89;06;17;38;47;57;16;20;55;61;72
00363;06;13;21;40;68;27;41;53;78;82;05;35;56;71;81
00364;49;54;63;74;87;04;28;30;50;69;01;18;25;35;85
00365;10;25;32;44;61;02;35;50;63;70;05;19;45;78;82
00366;18;20;43;57;79;01;13;66;71;86;23;37;48;56;83
00367;09;39;59;64;84;06;17;28;47;78;20;31;48;60;81
00368;03;12;26;63;78;07;38;44;51;85;13;36;48;52;65
00369;29;42;55;65;90;09;13;39;48;75;15;25;56;73;82
00370;04;13;24;59;83;31;40;64;77;88;06;15;30;60;72
00371;05;22;36;79;82;17;45;52;66;73;01;28;50;64;88
00372;07;35;47;52;72;18;27;38;42;59;11;26;67;79;84
00373;06;17;39;53;78;07;22;43;65;86;16;28;34;68;75
00374;06;16;28;41;54;12;39;67;73;89;07;32;42;71;85
00375;06;18;48;62;74;05;24;34;52;85;12;28;44;55;84
00376;12;42;60;76;81;06;22;33;46;54;16;21;51;62;82
00377;01;35;49;63;71;16;26;32;55;86;22;58;66;76;81
00378;07;23;47;59;62;18;35;45;55;70;05;38;63;79;88
00379;12;22;35;58;64;09;14;23;57;73;06;39;45;65;88
00380;20;41;69;79;82;01;13;48;53;64;14;29;39;74;81
00381;04;11;22;54;63;14;33;46;77;82;08;24;31;52;73
00382;07;16;23;60;80;37;48;50;63;85;13;22;30;49;79
00383;39;51;69;71;87;05;18;29;46;88;06;47;58;61;72
00384;07;13;39;73;89;30;49;56;60;74;03;25;44;57;83
00385;06;36;49;51;66;16;27;38;56;72;09;13;25;75;86
00386;07;26;35;48;60;06;11;53;75;82;13;27;45;79;84
00387;03;11;58;68;78;08;10;26;37;60;36;44;55;76;83
00388;09;26;52;70;85;06;11;43;65;88;16;39;47;69;79
00389;11;43;55;67;80;02;25;36;46;78;22;30;58;61;85
00390;20;30;40;78;85;21;33;46;51;69;05;12;53;61;82
00391;17;29;43;65;90;05;46;64;74;87;01;13;25;30;52
00392;05;19;30;48;86;02;24;53;69;75;15;57;67;73;90
00393;02;19;35;52;61;14;24;30;47;85;01;20;45;75;81
00394;25;33;59;76;83;01;16;31;53;88;05;21;48;60;75
00395;23;39;58;67;79;05;16;35;48;62;15;43;57;71;80
00396;14;38;46;53;86;26;44;57;66;78;06;20;39;60;75
00397;07;16;33;69;80;09;22;49;53;71;15;38;56;62;89
00398;18;27;44;61;70;01;28;33;68;83;08;19;45;52;76
00399;22;32;44;66;71;02;15;27;38;79;03;42;57;69;84
00400;08;22;31;44;86;14;34;59;66;75;06;18;48;51;90
00401;03;48;59;70;88;11;27;32;66;83;26;38;40;56;77
00402;02;27;68;72;84;13;32;50;74;83;14;28;43;58;67
00403;02;14;22;34;45;16;35;43;66;80;03;52;61;72;90
00404;24;34;67;70;81;04;12;36;41;52;17;27;59;69;73
00405;08;12;24;45;64;23;42;50;71;89;06;31;58;74;90
00406;44;53;67;76;81;02;29;32;58;64;08;10;24;37;89
00407;12;26;30;45;63;06;32;59;66;70;02;14;46;73;85
00408;10;22;45;50;70;01;18;69;73;87;20;38;44;57;82
00409;01;33;55;60;89;09;10;29;49;79;20;31;42;65;82
00410;05;13;24;69;77;07;35;47;58;88;11;34;48;54;67
00411;29;44;58;67;81;08;14;33;41;79;10;24;55;78;87
00412;07;13;26;50;87;38;47;62;78;82;08;15;39;65;71
00413;03;26;30;75;84;15;46;50;62;74;02;20;53;69;81
00414;04;31;48;58;73;14;24;30;43;51;11;20;66;74;85
00415;07;18;35;51;71;09;24;41;60;82;19;27;33;61;79
00416;05;13;29;44;56;12;37;68;76;81;02;33;40;74;87
00417;04;16;42;60;79;06;25;39;57;88;19;29;46;52;89
00418;19;43;64;79;80;07;20;35;41;56;15;28;54;62;83
00419;03;31;41;69;72;17;21;39;58;84;28;51;64;73;83
00420;08;21;44;55;65;16;39;45;54;79;01;36;67;78;87
00421;19;22;36;56;66;06;17;26;51;72;05;32;44;67;86
00422;23;40;64;74;90;04;12;47;57;62;18;20;34;76;88
00423;07;13;28;55;66;17;38;44;70;81;09;24;30;50;72
00424;06;18;24;62;85;32;43;54;69;84;12;21;35;48;77
00425;36;52;63;79;84;09;13;25;49;85;01;42;58;68;77
00426;03;10;32;78;84;38;47;57;62;71;02;27;42;53;85
00427;01;31;46;59;65;10;26;38;53;73;04;12;27;79;84
00428;02;20;34;45;69;04;12;59;73;90;11;29;49;76;88
00429;05;10;52;69;74;09;18;29;36;66;34;45;55;73;86
00430;07;25;51;76;83;03;17;49;68;86;15;32;48;64;77
00431;16;43;51;65;86;07;29;32;49;76;20;33;54;66;83
00432;21;31;42;76;83;20;35;40;56;60;02;16;55;66;88
00433;13;28;47;64;88;06;48;60;74;82;08;15;26;39;51
00434;09;17;36;49;80;03;22;59;64;72;11;50;61;75;84
00435;01;14;34;55;62;19;26;31;41;84;06;27;40;76;89
00436;26;33;57;75;87;07;15;30;55;85;05;21;42;67;76
00437;20;33;58;62;75;09;12;30;44;65;10;45;55;76;81
00438;10;32;45;52;84;29;42;58;66;74;07;22;31;68;72
00439;04;11;30;68;86;09;23;48;59;79;10;32;55;63;80
00440;17;20;43;69;73;08;23;39;64;90;06;19;40;59;74
00441;21;35;46;61;78;03;15;26;30;77;06;48;58;65;82
00442;03;24;32;44;83;13;37;54;61;70;01;14;41;59;87
00443;06;44;52;75;89;10;26;38;69;81;24;31;45;51;74
00444;03;22;68;71;83;11;36;59;77;88;14;28;42;58;65
00445;05;15;25;38;46;14;30;48;65;88;06;52;68;77;87
00446;24;30;63;76;88;07;15;35;42;53;18;28;58;68;70
00447;05;17;20;40;62;22;43;54;79;86;06;36;58;70;83
00448;40;51;64;72;83;03;22;37;59;68;09;19;25;36;88
00449;11;24;31;44;60;09;39;54;64;74;04;13;43;70;87
00450;10;24;47;56;77;06;14;60;70;85;25;32;43;54;90
00451;01;33;50;68;88;08;16;26;48;79;20;39;44;66;89
00452;02;12;25;63;73;04;39;46;57;87;11;35;49;53;60
00453;27;43;56;64;83;06;19;34;40;70;14;29;52;73;85
00454;03;11;22;51;88;32;41;67;76;90;09;16;34;61;70
00455;08;24;37;74;86;18;48;58;61;72;05;29;51;66;85
00456;06;38;49;51;76;17;20;35;41;58;18;28;66;71;90
00457;02;10;33;50;79;08;23;43;69;88;17;22;39;66;77
00458;08;14;24;45;53;10;36;61;74;83;06;31;46;72;86
00459;03;17;47;63;78;05;23;38;54;81;13;29;45;58;83
00460;11;45;69;78;83;08;25;34;47;59;17;22;52;63;84
00461;02;38;41;64;73;17;21;35;55;87;24;59;67;75;90
00462;05;20;40;54;63;10;34;44;57;79;03;39;69;70;87
00463;12;22;37;57;68;03;18;26;58;75;08;34;49;65;80
00464;25;45;67;70;90;06;19;40;51;60;16;23;30;79;85
00465;08;11;20;53;62;15;30;47;78;83;05;26;36;54;75
00466;09;10;28;68;88;36;44;52;63;80;14;27;38;47;70
00467;38;50;61;72;88;04;17;28;48;87;08;45;57;69;79
00468;05;16;30;76;85;32;40;59;62;73;03;29;45;58;89
00469;07;35;41;54;67;16;24;39;56;75;08;14;29;78;85
00470;08;28;35;49;63;05;12;55;74;83;14;26;46;78;85
00471;07;15;59;65;79;06;12;20;37;68;39;43;51;74;84
00472;08;27;55;78;86;02;16;45;63;82;11;31;48;68;70
00473;16;44;58;68;81;01;24;30;43;71;25;31;56;67;88
00474;23;39;47;77;85;24;38;49;58;64;09;11;55;60;89
00475;12;26;44;62;83;07;49;66;73;86;05;17;25;35;50
00476;01;10;32;44;90;06;25;51;68;73;13;52;62;70;86
00477;03;10;36;50;66;15;26;39;42;80;02;28;49;76;88
00478;22;36;52;74;88;09;18;35;56;80;03;25;40;60;78
00479;22;31;56;61;77;03;10;39;43;69;16;42;54;71;82
00480;15;36;47;51;85;24;45;50;64;70;07;29;38;69;76
00481;06;17;39;65;89;07;21;45;50;70;14;37;55;62;88
00482;19;24;49;68;79;06;29;37;63;82;07;18;42;50;77
00483;21;35;44;63;72;04;17;23;31;78;05;49;55;65;84
00484;04;26;33;40;85;15;35;54;62;74;07;17;49;51;82
00485;03;47;50;73;87;16;28;38;65;89;21;37;48;56;79
00486;04;28;67;74;82;12;31;58;76;81;15;21;42;56;68
00487;01;17;20;31;42;15;36;40;61;89;02;50;62;76;82
00488;29;34;65;71;82;03;19;32;49;55;18;21;58;60;74
00489;04;19;23;48;65;24;49;51;70;87;06;37;53;79;88
00490;48;54;68;78;82;04;22;32;51;61;06;11;20;37;83
00491;13;26;39;48;62;05;37;53;63;75;06;15;47;71;83
00492;10;27;44;50;72;07;15;61;79;88;21;39;47;56;87
00493;04;30;54;69;80;01;14;25;49;70;29;39;45;66;83
00494;04;10;28;61;71;03;34;48;50;85;12;36;46;51;64
00495;20;46;59;66;85;04;11;32;42;77;13;26;51;76;90
00496;02;14;27;58;84;36;45;66;79;87;09;10;33;62;71
00497;02;27;39;73;85;13;48;52;64;77;09;22;57;68;90
00498;08;30;40;55;74;17;22;38;49;53;13;21;68;73;82
00499;08;15;36;58;77;04;27;40;61;83;11;23;35;63;71
00500;01;12;20;43;57;14;34;66;73;84;02;37;49;75;82
00501;05;18;49;62;70;08;24;37;55;80;15;20;40;54;88
00502;15;49;61;75;82;09;21;33;40;50;11;29;55;66;81
00503;07;35;42;68;74;14;25;36;51;80;29;52;63;72;84
00504;01;24;41;56;67;18;35;46;53;78;08;39;69;73;85
00505;19;28;37;59;67;01;15;25;57;75;02;35;42;66;90
00506;29;41;62;71;86;06;12;44;56;61;11;24;34;70;82
00507;09;13;29;52;65;17;31;46;79;86;06;27;35;55;76
00508;08;19;27;69;87;35;45;50;62;90;13;23;39;44;73
00509;34;52;60;74;87;08;17;20;45;81;09;46;53;69;70
00510;08;14;36;74;87;39;41;59;64;76;04;28;47;51;88
00511;05;36;46;53;60;11;28;30;54;71;07;14;24;77;87
00512;09;29;34;40;61;02;10;53;79;85;15;21;43;70;86
00513;06;12;53;67;70;07;11;27;33;61;38;47;56;71;87
00514;01;27;54;78;89;08;15;42;66;83;17;38;49;60;73
00515;11;45;57;63;89;09;26;37;41;79;27;32;55;66;87
00516;28;32;49;71;88;29;37;47;56;62;06;14;54;69;80
00517;15;27;44;63;82;08;43;62;77;88;02;18;26;37;51
00518;06;11;31;45;81;05;20;53;69;73;14;58;61;76;87
00519;05;11;38;55;67;10;23;32;48;81;02;21;49;72;87
00520;22;30;52;74;86;04;12;36;53;82;03;26;42;60;78
00521;29;36;52;63;70;07;10;32;40;67;15;44;53;79;87
00522;17;37;40;52;80;25;44;58;66;71;04;29;32;61;76
00523;08;18;32;66;83;06;27;48;58;72;11;36;56;63;90
00524;10;25;41;61;72;02;20;38;62;81;01;14;46;59;70
00525;20;34;45;62;73;09;15;24;32;72;04;40;56;66;85
00526;05;28;34;46;88;17;37;57;65;77;03;19;40;50;84
00527;08;44;51;77;86;12;29;39;66;87;25;35;49;57;74
00528;05;24;69;73;88;18;35;59;77;84;12;23;44;51;64
00529;07;18;23;37;42;17;38;46;62;81;08;51;65;73;83
00530;23;33;66;72;84;09;10;34;43;54;14;22;51;69;75
00531;01;10;26;46;67;20;43;56;73;84;05;39;52;70;86
00532;49;56;60;72;90;01;23;36;53;62;04;10;29;38;81
00533;11;27;34;47;65;03;30;52;66;76;02;17;48;72;84
00534;11;23;46;51;71;08;16;61;72;89;28;30;41;55;88
00535;04;39;51;61;82;02;18;21;45;71;22;30;49;67;88
00536;01;14;20;65;70;02;39;49;54;84;13;36;48;55;69
00537;21;47;58;69;84;03;12;33;49;78;16;27;54;75;80
00538;06;19;29;58;89;39;46;69;70;83;01;17;32;64;77
00539;01;20;33;79;87;14;48;58;63;75;04;21;56;61;89
00540;01;35;41;59;78;15;25;39;40;52;16;29;60;73;85
00541;09;16;35;59;78;01;26;42;67;85;10;29;31;65;73
00542;02;11;22;44;58;14;38;69;77;90;01;36;41;73;89
00543;07;17;40;64;71;05;25;36;58;89;12;28;49;51;80
00544;12;45;61;76;87;03;27;32;44;58;18;21;57;65;90
00545;08;33;46;61;75;15;23;32;56;89;26;54;69;77;87
00546;04;23;48;53;68;17;30;49;52;73;07;35;65;71;83
00547;14;27;32;58;62;08;12;26;50;77;06;33;47;69;90
00548;27;48;65;75;88;05;10;45;53;69;12;26;30;79;86
00549;02;15;28;55;67;13;33;47;71;80;01;26;37;57;76
00550;02;11;24;61;87;34;45;51;69;90;12;27;31;48;78
00551;39;57;60;78;82;06;19;21;40;84;07;48;59;64;75
00552;07;17;33;77;90;34;48;54;69;79;05;22;46;50;84
00553;03;34;40;55;67;19;26;36;57;70;05;15;20;76;80
00554;01;27;35;49;64;04;18;58;74;85;16;26;41;75;88
00555;05;10;54;69;75;04;11;21;32;67;39;45;58;79;80
00556;02;29;56;70;88;09;14;41;65;84;16;33;47;66;72
00557;16;47;54;64;83;02;27;36;43;78;23;30;50;63;86
00558;22;36;48;70;89;24;39;42;51;66;09;19;56;63;87
00559;16;21;45;64;87;06;44;65;78;85;03;18;27;36;50
00560;08;12;36;40;87;05;26;55;60;75;10;58;68;71;82
00561;04;12;39;54;68;17;25;38;41;82;06;24;43;76;83
00562;21;31;53;77;90;01;12;37;51;87;07;20;45;62;70
00563;20;37;58;65;78;09;11;38;41;63;16;44;55;71;88
00564;19;38;40;58;90;20;45;57;64;75;01;28;36;65;74
00565;07;19;35;64;84;09;21;49;56;77;13;38;53;66;80
00566;12;29;47;63;76;04;20;30;66;83;03;15;44;51;70
00567;29;31;48;64;74;01;18;25;32;71;06;47;51;67;85
00568;06;29;35;42;81;17;37;52;63;77;07;11;47;53;86
00569;03;45;53;78;90;18;23;30;65;81;20;39;48;50;74
00570;06;22;66;79;86;18;34;56;72;87;16;28;45;54;62
00571;04;12;20;32;41;15;35;48;64;83;08;57;68;75;84
00572;29;35;66;70;86;02;13;37;44;58;19;22;57;65;76
00573;02;11;25;48;65;21;45;56;77;85;09;30;53;76;89
00574;41;54;69;71;86;04;23;39;55;63;05;14;21;31;85
00575;13;28;35;42;64;01;33;51;61;72;09;18;49;74;88
00576;12;27;49;58;75;09;16;62;77;84;22;32;40;57;90
00577;06;37;56;62;86;03;19;23;47;79;24;35;45;63;85
00578;08;13;27;64;79;05;39;40;57;89;16;31;47;55;61
00579;29;48;55;61;86;02;14;31;40;74;11;26;52;77;89
00580;01;15;20;59;80;33;40;65;70;88;02;18;37;67;76
00581;06;28;35;70;88;14;43;53;67;78;01;20;54;65;87
00582;03;33;45;51;77;14;27;32;48;55;15;21;62;76;87
00583;05;17;38;59;76;07;21;48;62;87;15;25;32;66;74
00584;03;14;27;48;54;12;36;61;75;87;04;35;40;79;83
00585;01;19;43;69;72;09;23;38;54;85;14;25;44;57;82
00586;14;46;61;78;86;01;29;34;47;53;13;20;55;60;80
00587;07;35;47;69;77;18;20;38;59;82;29;57;66;78;86
00588;09;26;48;52;61;19;31;42;55;72;06;37;66;76;81
00589;10;26;30;53;60;08;13;24;59;76;07;33;41;67;89
00590;28;40;64;72;85;08;13;46;55;66;12;24;37;78;81
00591;01;14;21;56;64;16;34;45;76;89;09;25;32;53;74
00592;01;11;26;60;86;38;41;51;65;87;12;25;37;49;76
00593;35;56;62;73;86;07;18;21;48;82;05;44;59;60;70
00594;09;15;37;75;88;31;42;58;63;78;06;26;49;59;87
00595;02;33;42;56;69;11;20;37;54;77;05;12;23;71;85
00596;09;27;36;48;62;01;17;55;73;88;12;28;40;75;87
00597;04;13;56;66;71;05;12;22;38;68;37;46;59;79;85
00598;09;28;55;79;88;04;16;43;67;86;15;36;40;65;74
00599;10;45;59;68;90;04;23;38;48;79;26;31;58;60;81
00600;27;34;42;72;86;23;36;48;57;63;07;14;56;62;81
00601;13;20;45;64;85;04;44;69;75;90;05;16;29;35;59
00602;07;12;37;49;82;06;27;50;60;72;13;55;69;73;89
00603;06;12;37;56;60;18;25;33;41;90;03;20;40;73;82
00604;28;38;52;75;84;03;19;34;58;89;06;29;47;61;78
00605;28;30;58;66;77;07;17;34;48;63;14;41;54;72;84
00606;18;35;41;55;88;23;47;59;64;76;08;20;30;62;77
00607;01;19;31;63;85;08;26;45;58;72;13;33;57;60;82
00608;19;20;46;69;75;03;29;30;63;81;09;10;44;51;78
00609;23;36;43;64;75;03;14;26;39;70;04;49;57;65;83
00610;06;20;34;43;80;16;36;50;66;76;05;10;48;51;87
00611;03;42;53;78;82;14;20;38;66;88;25;32;40;52;70
00612;08;29;65;71;89;12;30;57;76;82;15;22;43;53;69
00613;03;13;28;33;44;14;37;41;61;90;09;53;66;77;82
00614;24;32;65;73;83;01;12;33;40;56;16;23;50;60;75
00615;02;10;27;47;68;21;44;57;74;86;08;38;54;72;88
00616;42;53;69;72;84;02;21;37;56;63;07;14;27;39;81
00617;10;25;34;44;65;04;31;54;67;79;01;16;48;73;80
00618;12;25;47;52;73;02;14;69;71;82;29;30;48;57;85
00619;05;35;52;60;85;03;19;24;46;73;22;33;44;62;84
00620;09;14;22;62;70;07;30;46;55;83;15;36;48;57;66
00621;27;46;50;68;89;01;13;32;40;73;18;20;57;78;88
00622;09;14;21;50;85;37;46;68;77;80;03;10;32;69;79
00623;07;27;34;77;90;19;49;51;62;76;05;25;56;60;82
00624;03;36;44;56;77;13;26;39;41;54;18;25;69;79;89
00625;06;16;37;50;79;02;24;40;68;84;13;22;34;64;74
00626;04;13;21;45;59;14;35;60;75;86;06;34;42;74;88
00627;09;10;41;60;72;06;26;33;58;83;18;21;43;53;87
00628;16;44;60;75;88;02;28;36;45;57;13;20;58;68;84
00629;07;34;45;60;78;16;24;31;50;88;23;53;61;70;85
00630;07;25;46;57;69;10;34;47;51;71;09;33;66;79;84
00631;15;20;35;54;61;01;12;27;50;75;05;32;46;68;80
00632;22;49;67;76;87;09;14;47;57;68;15;27;38;78;83
00633;01;12;22;54;63;14;37;49;77;88;02;27;38;58;70
00634;02;12;28;60;86;38;42;59;65;88;11;23;39;41;77
00635;31;58;63;71;83;07;10;22;49;90;02;41;59;69;79
00636;09;10;30;74;81;33;45;50;61;71;08;25;46;56;90
00637;05;38;47;54;66;18;25;35;55;78;06;11;26;74;86
00638;02;28;36;40;63;03;19;59;78;87;18;25;44;74;82
00639;08;13;58;60;72;05;19;23;34;65;38;46;57;70;89
00640;08;20;53;74;90;03;15;41;66;88;11;32;40;68;78
00641;17;46;52;67;82;03;23;37;47;70;21;39;54;68;89
00642;25;36;41;73;81;26;38;46;55;67;01;15;57;62;88
00643;15;26;42;66;88;05;45;63;76;80;04;11;24;33;54
00644;05;13;38;41;87;03;24;51;65;70;15;55;64;72;80
00645;03;10;32;56;64;18;28;30;40;84;08;26;45;70;88
00646;20;33;54;76;88;02;11;38;52;90;04;29;40;66;72
00647;29;38;54;66;73;08;14;31;42;62;12;43;57;72;88
00648;10;39;43;55;88;28;47;58;63;77;04;25;37;64;73
00649;06;17;34;62;81;07;22;44;57;72;15;33;58;69;80
00650;10;21;48;62;74;04;23;37;65;84;01;11;47;50;79
00651;23;30;46;68;78;02;10;22;31;79;03;41;58;63;86
00652;07;25;32;48;87;18;34;55;68;76;08;17;49;50;85
00653;05;49;52;72;83;13;24;39;64;90;28;38;41;51;73
00654;01;27;62;78;87;11;32;59;71;88;14;26;40;52;63
00655;02;11;22;33;42;16;32;41;62;82;04;55;69;78;86
00656;26;32;64;73;88;05;14;35;45;59;18;21;50;68;74
00657;04;18;28;49;64;24;47;55;76;82;08;35;52;78;83
00658;47;52;61;70;85;05;22;34;56;64;04;13;23;38;82
00659;15;22;30;43;64;06;35;57;60;71;08;19;40;75;89
00660;19;20;48;59;76;07;17;63;70;80;27;30;49;58;89
00661;01;36;57;64;90;06;10;23;41;78;22;31;47;63;87
00662;06;15;21;67;76;08;33;46;58;81;14;36;44;54;65
00663;27;48;53;60;81;02;13;30;49;74;18;29;54;78;87
00664;01;11;28;50;81;30;41;65;75;85;03;18;35;68;76
00665;09;25;34;71;86;15;40;52;64;70;07;29;58;67;80
00666;01;37;43;53;78;16;28;33;49;59;12;27;62;70;88
00667;03;18;37;51;73;07;23;41;66;88;17;26;31;60;71
00668;04;11;28;42;51;13;36;62;77;89;03;38;40;72;84
00669;08;18;42;66;79;01;22;36;55;86;15;26;45;56;81
00670;17;48;62;77;85;02;23;34;42;51;15;25;55;63;87
00671;01;31;41;64;76;18;22;30;51;83;25;58;68;72;89
00672;04;25;49;53;63;17;32;48;59;75;07;35;61;72;82
00673;12;21;38;52;69;02;19;25;58;74;03;34;40;68;82
00674;20;41;67;79;80;01;12;47;59;62;10;25;39;70;84
00675;02;14;20;53;65;15;32;48;76;87;07;25;38;56;77
00676;08;18;23;69;80;37;44;55;66;90;10;22;38;42;74
00677;30;55;61;77;89;06;19;23;47;83;02;46;52;69;71
00678;06;11;38;75;87;35;46;51;65;77;04;26;41;55;80
00679;04;37;43;57;65;12;21;38;56;76;06;13;22;70;87
00680;01;26;37;47;62;09;15;54;70;84;17;22;40;73;81
00681;06;11;57;68;70;07;19;20;39;69;30;43;53;76;90
00682;03;28;54;75;80;01;13;42;67;88;14;37;49;61;71
00683;12;43;53;69;84;01;22;39;45;70;24;30;51;63;80
00684;24;37;43;79;80;20;38;41;52;65;08;13;57;61;81
00685;14;23;45;65;84;01;43;64;75;89;06;19;28;38;59
00686;07;11;37;42;90;04;28;50;68;76;12;54;63;74;88
00687;04;11;30;53;69;16;24;34;49;90;07;23;41;76;89
00688;29;39;50;76;83;02;10;35;52;88;08;21;48;68;79
00689;21;39;57;65;71;02;16;33;49;64;17;42;52;70;85
00690;10;37;41;53;87;29;46;51;65;72;09;21;31;66;74
00691;04;18;33;63;86;08;25;49;50;71;12;34;58;64;83
00692;18;26;48;60;71;05;20;39;64;82;02;13;42;58;77
00693;22;32;47;67;75;02;19;27;30;70;05;40;50;64;89
00694;05;27;35;47;89;18;39;55;67;78;04;16;48;50;83
00695;07;47;52;79;81;15;25;39;67;86;29;36;49;53;71
00696;09;23;69;70;85;15;31;57;75;86;13;27;44;52;61
00697;06;15;24;32;43;13;36;47;63;84;02;54;67;74;81
00698;20;31;63;71;88;04;11;36;42;57;19;23;54;62;73
00699;03;11;26;47;66;20;44;54;75;90;05;36;55;71;80
00700;43;57;60;79;87;03;24;38;52;62;05;12;22;30;80
00701;12;20;33;41;66;07;35;56;62;78;08;17;49;74;81
00702;11;26;47;59;74;08;19;68;73;83;20;39;40;58;86
00703;09;34;59;63;81;04;18;22;40;72;21;30;43;68;86
00704;05;13;21;66;79;04;36;47;53;86;19;37;43;50;62
00705;28;49;59;60;87;01;18;31;44;75;11;23;50;77;88
00706;08;13;21;59;86;32;41;63;79;89;01;19;36;68;75
00707;08;26;33;76;80;12;44;50;66;79;06;20;57;68;84
00708;02;32;42;57;76;10;25;37;47;56;19;26;61;74;86
00709;07;17;36;50;70;09;25;40;66;86;14;24;32;61;75
00710;03;15;26;46;50;11;39;62;74;86;05;31;48;78;90
00711;08;19;41;65;75;07;21;30;53;82;11;22;47;55;90
00712;15;47;62;76;84;04;22;35;46;54;12;28;52;64;86
00713;08;34;48;62;78;16;27;33;57;90;20;56;67;73;88
00714;08;26;47;55;60;16;33;49;54;74;02;34;69;73;86
00715;13;22;33;55;64;02;10;27;59;76;03;39;48;60;84
00716;21;47;66;70;89;04;11;46;58;60;17;26;33;71;90
00717;03;16;22;51;64;12;35;40;78;81;01;27;33;53;74
00718;04;14;26;67;80;36;43;51;64;84;19;20;33;48;71
00719;38;59;63;72;89;05;11;29;48;81;06;49;57;62;78
00720;08;19;31;76;80;36;47;53;60;70;03;23;40;58;89
00721;03;35;49;59;69;10;29;34;52;79;04;19;27;73;89
00722;04;24;38;46;66;05;11;57;71;86;17;27;49;73;83
00723;09;12;55;62;71;08;10;29;31;69;32;44;59;75;82
00724;04;22;58;75;81;09;19;40;64;85;12;34;48;66;77
00725;18;44;55;60;86;03;28;33;42;72;23;36;57;69;90
00726;26;35;46;76;90;25;39;47;51;69;07;16;52;64;89
00727;17;22;44;65;86;05;43;63;72;83;07;10;25;34;53
00728;06;10;39;43;89;03;26;52;69;71;18;56;66;75;81
00729;05;19;31;57;61;13;27;39;42;83;09;28;44;79;90
00730;23;32;57;79;81;03;13;39;50;84;06;20;41;60;70
00731;28;36;55;61;72;03;15;37;40;66;13;42;56;79;89
00732;11;33;42;54;83;29;40;56;69;73;01;26;38;68;72
00733;05;11;31;65;90;09;20;49;54;78;16;30;59;62;84
00734;11;20;49;65;73;05;21;37;67;90;02;12;43;57;78
00735;28;37;41;66;73;01;14;29;33;71;07;48;52;68;80
00736;01;24;34;40;82;15;33;58;67;78;04;19;41;56;80
00737;04;46;54;71;84;15;27;33;66;80;26;37;45;53;75
00738;05;29;68;71;80;14;34;58;79;81;13;20;40;59;60
00739;05;11;21;36;40;13;33;42;63;89;02;58;68;72;85
00740;27;35;67;72;85;02;16;34;41;59;10;29;50;60;77
00741;03;12;29;46;63;24;48;57;70;84;07;39;54;77;82
00742;44;55;62;71;80;09;21;35;57;66;06;15;22;30;84
00743;12;21;34;45;67;03;38;52;60;74;09;10;47;75;90
00744;18;23;46;54;79;03;13;64;78;81;29;31;49;59;80
00745;07;38;59;65;80;04;17;28;42;77;23;32;48;62;89
00746;07;12;26;68;77;06;32;44;56;82;17;30;47;53;63
00747;25;47;51;68;80;03;15;34;43;78;14;28;56;70;87
00748;03;12;29;57;88;35;47;64;76;82;04;19;31;69;77
00749;04;21;32;72;89;13;44;56;61;71;09;24;55;69;83
00750;06;38;42;52;75;14;27;39;40;57;18;28;69;73;80
00751;04;15;38;52;75;08;26;49;65;89;12;28;34;66;73
00752;02;10;25;47;55;11;35;63;76;90;07;30;41;72;85
00753;07;11;40;68;70;08;20;32;59;84;16;23;43;52;85
00754;15;49;68;78;90;03;24;37;48;52;14;29;53;67;85
00755;06;30;49;63;74;13;23;31;58;84;26;54;62;79;81
00756;05;27;44;54;62;15;36;49;50;72;07;38;68;71;89
00757;14;21;34;57;63;03;16;23;53;79;04;38;49;61;81
00758;27;42;62;76;80;09;17;41;51;66;12;26;31;77;85
00759;04;13;23;52;67;12;36;42;75;90;03;28;39;51;79
00760;09;17;29;66;83;38;47;54;67;89;12;24;30;40;78
00761;31;52;65;71;85;04;16;26;41;87;07;44;55;63;76
00762;01;18;34;79;84;31;43;56;68;72;03;24;42;50;88
00763;04;34;48;58;68;12;21;37;52;71;07;10;22;72;88
00764;03;25;30;47;65;04;15;58;76;81;18;29;42;74;89
00765;01;19;50;61;74;04;13;24;30;60;31;42;52;70;81
00766;01;29;57;76;82;02;10;46;63;83;15;33;43;67;72
00767;17;45;56;60;85;07;26;38;48;76;22;36;54;65;84
00768;25;35;46;71;84;23;37;40;52;68;08;18;53;65;90
00769;16;23;43;67;89;01;42;69;71;82;09;17;28;37;51
00770;09;14;31;42;88;04;27;56;68;70;16;52;65;71;84
00771;08;13;34;57;65;15;26;30;43;80;01;29;40;79;86
00772;21;39;51;75;89;02;15;34;52;87;07;29;49;62;74
00773;22;30;53;69;74;04;19;34;45;60;10;41;54;78;85
00774;16;32;43;56;82;20;48;59;60;74;08;29;35;67;71
00775;02;10;32;61;80;06;24;48;55;73;11;35;52;63;81
00776;16;21;40;64;78;04;24;38;69;89;06;13;49;52;75
00777;20;38;42;65;77;03;16;28;39;72;04;41;59;60;87
00778;02;21;33;49;90;19;34;51;69;77;06;18;40;54;88
00779;07;49;58;72;80;16;29;30;62;85;20;36;44;52;71
00780;07;26;61;74;90;15;33;51;71;87;17;29;41;53;60
00781;05;15;24;32;41;14;34;43;64;80;01;59;69;73;88
00782;28;38;65;71;80;03;15;33;43;50;16;20;51;64;79
00783;05;19;29;45;62;25;46;58;78;83;02;37;52;73;84
00784;46;56;64;70;82;01;24;39;58;69;03;16;21;31;80
00785;15;26;33;46;63;03;34;50;64;73;07;13;41;77;82
00786;10;26;45;51;78;06;12;60;75;90;21;32;44;52;83
00787;04;35;57;67;83;05;11;24;44;75;21;37;43;66;90
00788;06;17;22;69;78;07;36;45;59;80;12;32;43;55;64
00789;29;48;55;61;88;04;17;35;41;76;10;24;51;70;85
00790;02;15;20;51;82;38;49;67;78;83;05;12;35;66;72
00791;09;29;35;76;83;11;46;57;65;72;02;26;58;63;85
00792;05;34;44;56;79;12;29;37;42;58;17;22;60;74;90
00793;08;19;30;53;74;03;22;40;61;81;18;27;33;65;72
00794;05;19;27;43;56;16;31;68;79;80;03;37;47;77;88
00795;07;12;44;67;71;02;22;38;50;87;13;21;49;52;86
00796;11;44;67;77;83;01;26;35;41;58;19;27;54;61;88
00797;01;38;44;64;75;18;23;32;51;88;22;50;69;71;80
00798;03;26;43;58;69;11;37;40;56;77;05;36;60;71;88
00799;11;22;35;53;65;04;15;29;54;71;05;34;46;66;87
00800;20;46;60;78;82;08;14;42;58;69;13;22;36;72;89
00801;08;18;25;58;69;16;38;44;73;86;07;27;35;54;72
00802;09;17;28;62;86;38;40;54;69;81;19;23;36;47;70
00803;39;57;64;79;81;08;17;20;44;90;06;49;56;65;73
00804;03;15;39;73;87;38;41;58;60;78;04;22;48;59;85
00805;09;37;43;57;63;18;21;38;58;72;01;17;20;76;87
00806;07;21;31;43;68;02;16;54;79;82;19;26;42;75;84
00807;02;18;59;66;75;08;17;22;34;61;35;47;50;77;83
00808;02;20;50;76;86;06;14;48;61;80;13;33;41;64;70
00809;14;46;59;69;80;09;29;32;40;75;23;34;51;64;85
00810;25;38;48;71;86;24;33;45;56;63;05;13;58;60;82
00811;13;27;45;60;82;05;44;64;75;87;03;15;20;39;52
00812;04;17;33;49;85;09;22;55;61;77;14;57;66;75;83
00813;01;18;35;50;60;10;20;34;41;87;03;28;43;76;86
00814;20;35;57;73;86;05;19;36;58;85;04;26;45;69;71
00815;21;33;51;62;74;06;14;36;46;65;10;41;56;75;89
00816;15;32;40;54;89;28;42;58;69;77;02;21;31;60;78
00817;09;16;37;60;88;06;20;40;55;75;13;36;59;63;86
00818;10;25;49;66;78;05;24;39;60;80;08;17;46;56;72
00819;23;39;40;68;70;09;17;21;30;78;06;42;58;66;90
00820;03;21;38;48;83;19;32;58;66;70;09;13;46;57;90
00821;09;46;58;74;85;17;25;31;64;83;21;35;44;50;78
00822;08;21;63;75;81;10;33;52;76;80;15;24;48;50;68
00823;09;13;26;35;48;10;38;41;61;86;07;50;62;74;87
00824;27;35;61;70;82;07;10;39;49;51;17;29;57;69;76
00825;01;14;21;41;61;29;46;54;73;88;06;35;59;70;85
00826;43;54;65;74;81;05;26;33;53;68;07;17;20;32;86
00827;15;26;39;47;69;07;32;56;63;78;05;16;46;79;85
00828;10;28;44;56;71;05;19;62;76;81;23;37;42;55;86
00829;06;34;50;68;88;07;15;22;46;73;28;36;44;64;89
00830;03;11;28;62;72;01;32;48;58;85;13;37;44;55;67
00831;26;42;55;61;82;08;10;38;48;72;15;27;54;79;84
00832;04;17;22;55;85;34;44;64;75;84;09;16;38;60;70
00833;06;21;36;70;82;12;44;54;68;77;07;27;59;64;89
00834;01;38;46;51;73;15;23;35;49;54;10;26;66;79;85
00835;03;11;32;54;79;08;27;41;69;83;12;20;37;66;78
00836;06;18;28;49;53;16;39;67;71;85;05;34;47;75;87
00837;06;16;45;62;78;01;21;33;59;89;19;20;44;57;84
00838;16;45;61;79;85;06;28;39;44;57;11;22;51;64;80
00839;01;35;44;66;79;16;21;33;53;90;20;51;60;70;82
00840;01;21;49;51;66;15;35;42;54;78;04;33;69;73;85
00841;19;21;33;56;67;09;11;22;51;78;06;30;43;63;86
00842;28;44;61;75;81;05;18;43;50;67;15;22;34;77;86
00843;09;17;24;53;68;13;30;43;76;84;02;28;34;54;75
00844;08;16;26;64;85;36;43;53;62;86;17;23;34;46;72
00845;32;51;69;70;86;02;14;28;48;88;05;46;56;65;71
00846;02;13;35;78;85;32;44;57;69;73;05;23;45;53;90
00847;03;36;40;52;64;14;20;38;53;73;08;16;23;79;90
00848;07;29;39;41;61;05;14;57;70;86;18;20;43;77;85
00849;06;14;56;67;73;09;15;28;32;61;36;48;51;78;84
00850;05;27;55;77;87;01;18;44;68;82;16;37;42;69;76
00851;16;46;51;67;87;05;24;34;44;71;22;33;53;62;83
00852;27;36;40;72;83;22;30;49;53;60;02;17;54;69;86
00853;18;29;42;66;80;02;41;60;77;81;04;13;22;38;58
00854;02;19;30;43;80;07;28;57;67;76;13;54;69;74;86
00855;02;14;33;59;66;19;28;32;43;86;08;24;42;74;85
00856;29;33;55;71;85;08;17;32;57;89;05;24;44;61;79
00857;23;31;52;60;73;04;11;35;46;69;19;42;54;72;82
00858;17;34;42;50;81;26;41;59;62;78;04;27;35;64;73
00859;03;14;36;69;87;07;23;47;56;74;12;37;55;68;89
00860;18;26;48;62;77;01;22;38;68;88;04;16;40;58;79
00861;21;36;49;66;72;04;11;23;38;73;05;40;57;68;81
00862;08;20;36;47;86;12;39;57;60;72;05;15;44;59;83
00863;01;48;57;72;87;13;29;31;64;84;25;37;45;50;77
00864;08;24;67;75;82;17;30;50;70;89;14;21;47;51;66
00865;01;14;23;34;49;16;36;47;66;85;08;58;61;75;89
00866;28;37;60;76;89;01;18;38;40;52;17;23;59;67;75
00867;06;13;28;40;66;23;45;53;79;81;01;34;54;71;89
00868;45;53;63;73;86;04;23;38;58;60;02;15;29;32;90
00869;14;24;32;41;68;01;39;51;61;79;06;12;42;76;84
00870;11;22;43;50;77;05;18;61;75;83;25;35;47;54;85
00871;02;37;59;66;89;08;12;20;48;76;24;34;46;65;86
00872;02;16;27;63;75;09;30;49;55;84;19;39;45;57;69
00873;24;41;52;62;83;05;16;30;42;77;17;21;58;79;86
00874;09;10;25;56;81;38;42;64;79;90;06;17;36;61;74
00875;05;20;34;78;84;18;47;58;62;73;09;26;50;66;88
00876;04;37;43;58;74;11;28;34;41;51;10;29;61;77;83
00877;01;12;39;57;78;06;24;41;64;90;11;25;38;65;79
00878;01;16;22;46;57;17;32;67;75;84;06;31;49;71;86
00879;02;17;48;63;74;01;25;37;57;89;16;22;41;51;88
00880;19;43;62;72;81;05;27;37;44;59;12;26;56;67;89
00881;04;32;45;67;71;17;20;35;50;85;23;59;61;70;83
00882;04;21;47;52;64;12;34;43;58;76;06;37;67;72;80
00883;16;23;34;56;69;06;13;20;55;73;03;36;47;64;89
00884;25;45;61;73;83;07;19;49;54;67;13;23;35;71;87
00885;06;10;27;59;60;11;36;45;72;85;05;25;33;56;71
00886;02;15;27;65;87;31;46;59;60;84;12;22;36;40;71
00887;30;53;68;70;84;09;12;25;49;86;05;45;51;60;74
00888;04;16;36;72;83;39;40;53;61;74;08;20;47;52;88
00889;04;37;45;59;61;17;21;32;57;75;09;18;29;76;84
00890;06;23;33;45;69;03;17;59;78;83;16;21;44;76;86
00891;05;17;51;64;76;02;18;27;33;62;38;49;54;75;86
00892;09;21;56;79;84;07;12;47;60;81;11;34;44;65;71
00893;15;47;58;61;89;08;22;31;42;74;24;35;52;66;88
00894;27;37;40;72;87;28;30;49;55;64;08;17;54;68;88
00895;12;26;47;61;90;03;45;66;74;85;02;16;21;32;57
00896;02;16;35;47;84;03;23;52;65;78;14;56;63;76;87
00897;06;17;36;51;68;18;20;33;44;88;09;27;41;71;85
00898;23;30;58;70;81;03;11;38;50;82;09;24;49;68;71
00899;25;32;56;62;75;05;18;33;47;61;13;45;50;74;90
00900;16;38;47;53;86;22;48;51;65;70;01;28;36;67;79
00901;01;13;39;68;82;08;23;48;56;76;15;37;57;64;88
00902;19;28;44;69;70;06;20;30;63;85;05;14;45;54;71
00903;20;34;42;69;71;05;12;24;35;77;02;44;56;61;82
00904;04;25;33;43;84;13;35;50;62;71;01;14;42;52;81
00905;03;45;57;73;89;17;29;35;65;84;24;30;46;53;70
00906;09;28;65;78;84;13;38;55;77;90;10;21;42;51;69
00907;08;12;27;30;43;16;34;48;67;90;03;51;63;76;80
00908;28;36;63;78;84;08;11;31;47;51;18;25;58;61;77
00909;08;15;27;43;69;22;48;55;72;87;02;39;53;70;88
00910;44;56;64;72;90;08;21;30;54;65;01;17;24;33;87
00911;13;29;31;49;62;02;34;59;65;76;04;14;43;78;87
00912;16;29;40;57;72;04;10;63;77;84;23;31;45;50;81
00913;07;35;51;60;87;09;13;25;47;72;26;33;44;65;83
00914;04;19;29;61;74;08;33;49;56;87;14;30;43;59;65
00915;26;40;57;65;84;06;11;37;46;71;19;23;50;72;86
00916;08;16;27;53;83;35;41;67;70;82;07;13;34;63;75
00917;08;24;37;76;81;11;48;50;64;75;09;28;56;61;90
00918;08;39;48;59;72;17;26;38;42;52;11;29;67;78;84
00919;04;14;30;55;71;03;25;47;60;82;11;29;34;61;77
00920;08;13;20;40;55;12;30;66;70;82;09;36;42;73;81
00921;04;14;46;65;77;06;28;38;51;87;15;23;42;53;89
00922;17;46;60;74;84;08;29;38;45;56;10;28;57;69;82
00923;04;33;49;68;73;19;22;32;53;87;21;58;63;77;84
00924;07;20;43;51;67;14;30;40;55;70;05;34;61;79;84
00925;10;22;34;55;66;07;17;23;52;70;04;31;44;62;85
00926;29;43;60;77;90;06;15;44;57;65;16;20;37;75;88
00927;05;14;23;57;62;17;39;41;77;82;09;26;32;52;78
00928;01;16;25;63;86;34;47;58;67;81;10;22;39;43;79
00929;33;50;60;79;88;03;15;27;42;89;04;48;55;61;73
00930;01;12;38;70;82;30;40;58;60;75;06;25;43;57;87
00931;06;35;41;58;62;13;22;37;55;76;03;17;28;75;83
00932;05;20;34;42;67;01;17;56;77;87;19;28;40;71;90
00933;03;16;53;65;72;06;14;25;35;66;30;41;55;73;87
00934;06;28;58;78;83;08;11;45;69;89;14;32;46;60;75
00935;13;47;50;66;88;01;20;30;49;73;21;39;52;64;82
00936;24;30;41;73;82;25;32;48;52;61;06;11;59;66;83
00937;19;28;41;69;81;01;46;62;73;86;08;12;29;30;56
00938;01;15;32;46;86;08;22;58;66;79;17;53;67;73;85
00939;09;15;38;58;67;14;29;31;42;85;02;25;43;75;84
00940;28;34;56;74;80;04;10;33;59;84;05;23;43;60;70
00941;24;34;50;61;76;05;12;35;48;68;18;41;53;73;81
00942;10;35;44;52;86;27;49;50;63;71;05;29;37;69;77
00943;08;15;30;66;89;01;21;46;54;73;18;35;56;67;85
00944;17;24;40;63;72;04;29;37;60;87;09;15;47;53;73
00945;22;35;41;65;78;07;19;20;34;76;02;49;56;67;88
00946;09;22;35;40;85;16;36;54;63;74;03;12;45;55;89
00947;01;44;55;71;86;10;26;34;63;85;23;32;46;51;76
00948;01;20;66;74;83;18;39;53;76;82;12;22;49;58;67
00949;07;10;22;33;41;19;37;49;65;88;03;56;67;78;83
00950;26;34;64;77;90;06;17;32;46;53;15;28;59;69;70
00951;09;17;20;44;67;26;47;52;74;85;01;38;55;72;86
00952;43;55;66;72;89;07;20;30;57;61;08;16;23;33;88
00953;12;21;31;48;60;02;33;52;62;75;03;11;44;71;83
00954;17;24;42;58;74;04;11;65;76;82;22;36;46;53;87
00955;03;36;58;69;84;02;16;29;43;74;27;32;45;64;82
00956;05;18;23;64;71;01;31;48;59;83;10;34;49;58;68
00957;27;40;54;67;90;09;19;36;47;79;18;20;57;71;89
00958;05;16;26;52;82;39;43;65;71;83;01;11;30;64;78
00959;07;20;37;71;90;10;45;59;63;74;01;27;53;62;86
00960;07;33;45;57;74;11;28;36;40;50;13;20;64;75;81
00961;09;10;39;58;70;07;23;42;63;80;12;24;31;61;76
00962;09;17;21;45;52;15;34;62;76;81;04;38;48;74;90
00963;03;13;49;64;75;09;29;33;56;88;10;21;45;58;83
00964;10;42;69;70;82;09;25;36;43;50;11;26;53;60;81
00965;07;39;40;65;70;19;24;31;52;84;22;58;64;75;90
00966;08;20;48;59;65;14;39;41;57;71;04;38;62;75;90
00967;17;21;35;54;68;07;16;27;58;73;06;31;43;61;85
00968;26;42;63;70;84;07;15;45;52;68;14;25;34;79;90
00969;07;19;26;50;61;14;31;46;74;83;05;24;30;56;77
00970;03;14;20;65;85;30;41;53;64;87;11;24;35;49;76
00971;37;54;66;72;87;01;13;24;40;89;02;48;52;69;77
00972;05;14;37;71;86;35;42;57;69;76;09;21;46;51;90
00973;05;36;42;58;60;19;22;39;56;74;01;14;20;77;82
00974;08;22;32;44;60;04;16;50;76;84;10;21;43;77;87
00975;04;15;52;63;73;03;17;25;34;64;39;40;56;74;85
00976;08;24;50;70;85;05;13;49;62;90;12;34;45;61;79
00977;18;48;57;63;90;06;25;39;43;77;24;32;53;65;87
00978;20;39;49;74;85;29;31;48;54;62;09;18;56;66;89
00979;14;22;46;62;83;02;47;61;76;84;01;19;20;33;53
00980;03;18;34;48;83;09;29;51;61;71;15;57;69;70;82
00981;07;16;37;52;69;10;28;35;40;85;03;26;42;79;87
00982;24;31;54;72;82;06;12;37;51;81;02;29;48;66;74
00983;20;35;59;64;79;06;13;36;47;62;15;44;52;77;85
00984;11;32;41;52;85;21;47;50;64;79;03;20;36;66;70
00985;04;12;38;67;83;07;22;49;57;74;16;36;58;66;87
00986;11;27;43;64;71;05;20;38;61;86;07;16;48;55;74
00987;24;35;41;67;79;06;18;25;37;74;01;43;59;68;80
00988;03;26;30;49;87;18;38;55;61;73;02;16;43;58;82
00989;02;47;56;75;88;16;28;32;67;82;29;38;42;58;73
00990;01;29;64;77;85;12;33;56;76;84;11;27;41;53;61
00991;06;13;23;31;40;14;33;49;64;86;02;50;60;77;90
00992;29;33;62;79;83;09;19;30;48;50;16;24;51;61;73
00993;07;16;22;42;60;25;49;56;75;86;03;30;54;79;87
00994;44;57;63;73;83;04;27;31;55;67;09;18;28;34;89
00995;14;25;32;40;61;08;34;57;62;77;01;15;45;70;86
00996;11;23;41;59;70;03;15;65;72;88;26;36;49;50;82
00997;02;31;56;69;90;01;14;21;45;71;25;35;47;64;81
00998;07;10;20;60;73;09;30;43;55;85;18;31;42;53;66
00999;27;41;56;62;85;07;12;39;45;70;16;26;57;78;88
01000;07;18;28;54;88;37;42;66;71;81;02;14;33;62;73
01001;07;25;38;79;80;10;45;51;65;76;04;23;56;64;81
01002;09;34;49;50;71;16;25;35;43;53;13;22;67;79;86
01003;02;13;34;56;72;04;20;40;61;84;17;27;33;60;74
01004;07;12;29;41;54;17;31;68;72;83;06;39;46;70;89
01005;05;15;47;65;76;07;29;39;58;88;19;27;40;54;87
01006;19;45;67;73;86;07;20;30;43;55;10;23;57;66;89
01007;09;34;40;69;72;10;26;38;52;88;23;59;65;74;85
01008;09;21;42;50;68;13;38;41;56;79;03;35;60;70;83
01009;16;29;34;59;60;05;14;21;56;72;02;35;42;65;88
01010;22;47;61;74;81;03;18;42;57;62;15;21;37;73;80
01011;08;16;23;58;64;14;36;48;70;87;06;26;34;55;73
01012;01;10;25;65;85;30;47;56;60;83;14;21;33;40;73
01013;37;52;62;71;81;02;13;27;47;85;06;40;50;66;70
01014;09;17;33;79;88;32;43;51;65;77;07;24;45;57;81
01015;08;35;48;51;66;19;20;33;52;77;02;15;21;78;81
01016;08;25;34;48;67;06;15;52;78;88;17;20;43;74;80
01017;07;16;53;66;70;01;18;26;36;60;33;44;56;77;88
01018;06;29;53;71;89;08;17;45;66;84;13;35;40;67;75
01019;15;42;51;69;81;06;23;36;44;72;29;31;53;64;89
01020;26;37;46;79;88;27;31;40;54;66;03;12;51;67;85
01021;10;25;45;67;84;09;48;61;74;88;01;14;23;31;53
01022;03;16;31;40;83;08;23;50;66;71;13;51;68;78;88
01023;09;16;30;55;62;18;27;38;49;81;02;22;45;74;88
01024;22;38;58;72;83;06;13;31;57;82;04;25;40;62;70
01025;25;32;55;66;76;08;10;38;43;67;17;49;56;73;82
01026;12;33;41;52;88;23;44;55;63;79;02;22;34;60;78
01027;05;11;31;67;83;04;27;43;55;71;10;37;51;68;82
01028;12;27;41;69;73;04;26;33;63;84;08;13;40;54;78
01029;23;34;41;64;76;08;13;26;36;75;07;40;51;62;83
01030;08;20;31;43;88;12;35;57;60;78;09;11;44;55;87
01031;03;43;52;76;80;14;23;36;69;86;24;34;41;54;74
01032;03;21;64;75;86;16;35;54;77;83;12;29;44;56;62
01033;09;12;20;31;42;15;35;40;60;87;03;51;63;79;84
01034;25;36;61;78;85;08;14;39;49;50;10;23;53;63;79
01035;09;19;21;46;63;29;48;55;78;89;02;35;50;74;80
01036;45;51;67;79;84;05;24;36;52;69;08;19;22;34;82
01037;10;23;30;41;67;05;34;59;60;71;03;12;43;78;89
01038;11;23;44;52;70;03;10;62;74;86;24;34;43;56;84
01039;08;32;50;68;81;02;11;25;46;76;23;36;48;61;84
01040;08;12;26;68;75;04;32;48;50;86;16;35;46;56;60
01041;29;40;56;64;86;07;19;31;42;71;11;21;53;75;81
01042;07;12;22;59;90;39;48;62;75;85;02;11;36;68;79
01043;03;26;39;75;83;13;40;56;68;78;06;29;57;64;80
01044;02;33;45;50;70;13;28;36;42;55;14;20;68;78;81
01045;04;14;39;50;78;03;21;42;68;85;16;25;32;61;72
01046;07;11;29;41;59;14;35;69;78;86;05;30;47;79;80
01047;09;18;47;69;71;06;20;39;53;87;14;26;46;59;90
01048;15;46;69;76;87;08;24;38;41;51;19;20;58;61;84
01049;03;30;40;68;76;12;22;33;55;85;20;52;65;77;86
01050;04;21;43;59;60;13;32;44;53;73;09;34;63;78;86
01051;10;20;38;50;62;08;19;29;57;72;07;30;46;60;84
01052;24;46;65;76;82;02;12;49;54;64;14;25;36;78;83
01053;02;17;27;56;66;18;32;49;76;88;07;25;33;57;78
01054;08;19;25;63;84;37;42;59;62;89;10;28;35;45;77
01055;32;53;62;79;90;03;14;20;48;87;04;47;59;60;76
01056;01;16;32;76;84;31;41;57;63;70;09;22;42;50;83
01057;07;37;45;52;67;12;21;34;58;71;02;16;29;73;84
01058;09;26;36;40;61;05;13;57;72;90;11;27;46;75;81
01059;08;15;54;68;77;07;19;21;35;65;38;40;58;73;89
01060;03;25;56;71;90;04;18;44;64;87;11;32;42;60;76
01061;16;47;59;63;84;09;24;35;43;77;29;32;56;67;83
01062;22;36;45;71;80;21;37;48;51;67;08;11;50;65;82
01063;15;21;43;60;89;04;47;63;79;80;01;11;27;32;51
01064;05;11;38;42;83;04;21;52;63;74;16;58;64;79;81
01065;03;17;32;56;63;14;29;31;40;89;06;21;42;78;85
01066;25;39;54;71;85;06;15;33;55;87;04;20;46;66;75
01067;27;39;53;62;78;04;16;32;40;60;10;47;57;73;88
01068;15;30;47;53;81;20;45;54;61;71;09;28;32;64;78
01069;07;19;34;62;89;02;26;40;52;72;16;36;58;60;83
01070;18;22;44;66;75;09;24;30;62;80;02;10;42;50;77
01071;20;35;49;62;77;05;19;22;32;79;02;44;56;69;89
01072;02;29;30;48;81;11;36;54;62;73;05;12;45;56;85
01073;05;44;56;78;81;16;24;34;65;88;28;39;43;57;72
01074;01;20;68;72;85;18;35;55;79;89;12;23;41;54;66
01075;06;15;28;30;44;19;38;40;61;83;08;58;62;74;86
01076;22;33;67;79;87;03;16;31;47;52;15;25;50;60;72
01077;04;10;22;43;64;27;46;50;73;82;01;38;53;76;87
01078;44;53;60;77;88;01;22;35;51;68;09;18;21;38;85
01079;12;26;33;40;60;05;34;50;67;73;07;15;46;70;80
01080;17;20;49;51;75;05;11;61;76;87;27;36;46;59;84
01081;03;32;59;62;90;05;19;24;49;78;21;36;47;66;88
01082;09;14;25;66;76;02;30;46;58;82;11;33;40;52;62
01083;20;49;55;60;88;01;11;38;45;79;19;28;51;74;83
01084;06;10;20;52;83;32;45;61;72;89;03;15;38;68;70
01085;05;24;30;76;83;11;45;55;69;70;04;22;59;61;86
01086;04;31;41;57;73;14;26;32;43;53;15;23;62;77;80
01087;09;11;37;57;74;04;22;48;62;87;13;24;30;61;73
01088;05;19;27;42;55;13;34;65;79;88;02;35;48;73;85
01089;05;10;40;66;73;04;20;36;51;81;19;22;48;56;87
01090;19;49;67;74;81;01;27;30;43;53;13;29;55;66;90
01091;03;31;49;69;70;17;20;34;51;90;25;58;61;78;89
01092;07;23;40;58;63;14;32;41;52;76;04;37;64;70;82
01093;11;23;30;56;61;08;17;28;59;71;07;33;44;67;81
01094;25;47;62;73;86;09;11;48;53;63;15;28;38;77;89
01095;03;15;29;59;68;17;39;45;73;89;04;23;31;58;76
01096;03;13;27;64;89;35;41;57;66;85;19;24;32;42;79
01097;38;50;63;72;82;03;16;25;43;86;07;41;51;61;79
01098;09;18;34;77;83;30;41;52;64;72;05;23;44;56;82
01099;09;36;44;51;65;10;29;31;57;70;07;18;26;72;83
01100;05;25;35;40;60;09;14;51;77;81;12;27;47;76;90
01101;06;17;54;69;79;01;16;26;35;63;31;45;53;76;88
01102;06;20;56;70;84;02;12;43;66;86;14;37;46;69;73
01103;18;43;50;60;83;08;24;37;42;73;20;32;54;63;81
01104;27;39;47;70;81;26;38;40;55;65;04;10;50;68;84
01105;17;23;46;68;87;02;45;62;75;89;08;14;29;34;59
01106;04;18;30;41;84;02;20;51;67;72;17;58;60;78;80
01107;08;15;39;57;66;12;23;37;41;88;05;25;47;78;80
01108;23;37;57;73;87;05;13;34;58;86;01;22;47;67;72
01109;26;35;56;65;71;03;19;32;48;66;11;40;51;74;86
01110;13;32;44;51;82;22;46;50;67;78;07;23;33;62;76
01111;06;18;32;65;88;03;20;42;57;73;17;31;59;67;81
01112;16;21;42;64;76;01;25;37;65;86;09;14;43;51;79
01113;24;33;40;63;79;05;18;20;39;78;04;46;51;61;85
01114;08;21;35;42;83;13;33;55;61;79;04;10;45;57;84
01115;04;45;56;77;90;15;22;37;68;89;27;31;47;52;79
01116;04;24;68;70;84;13;32;58;71;86;15;28;45;52;64
01117;07;13;29;32;45;17;31;49;65;81;04;50;61;73;85
01118;28;37;69;78;86;04;15;38;48;59;11;22;54;62;77
01119;01;18;20;45;66;21;47;53;76;90;03;30;51;73;86
01120;46;50;68;70;86;02;25;37;53;67;05;17;29;33;83
01121;12;25;39;43;68;03;30;53;69;72;04;13;44;71;88
01122;12;22;45;54;71;04;19;63;75;87;23;37;48;58;88
01123;09;38;53;63;85;03;12;26;42;77;24;37;49;65;87
01124;01;11;24;67;78;05;33;47;56;90;15;32;41;51;63
01125;21;48;57;65;87;03;10;32;43;77;12;25;53;75;83
01126;01;11;21;50;83;31;49;63;76;88;06;12;37;69;78
01127;04;27;38;78;81;16;48;57;61;79;03;20;52;67;80
01128;08;34;49;51;79;14;24;38;43;56;16;25;65;70;82
01129;08;12;36;54;73;04;20;43;69;81;14;21;39;67;70
01130;06;12;20;40;58;16;34;68;70;87;01;39;47;72;83
01131;01;17;41;68;72;07;21;31;52;83;18;20;42;53;80
01132;16;44;68;75;80;01;26;39;40;51;10;29;59;63;83
01133;02;30;40;66;78;11;21;36;54;87;28;59;60;70;88
01134;05;22;48;51;62;14;33;47;57;75;01;35;64;77;87
01135;18;28;37;53;63;09;17;20;51;74;06;30;44;62;83
01136;21;42;64;75;89;01;10;40;55;65;13;24;33;72;82
01137;01;17;26;57;63;15;38;41;79;81;03;22;33;53;78
01138;05;16;28;69;81;32;42;58;63;87;10;26;37;46;77
01139;36;50;61;74;81;04;17;29;44;86;07;42;59;67;70
01140;02;19;35;70;89;34;40;53;64;71;06;21;46;59;85
01141;08;34;49;53;69;11;21;35;51;70;02;10;26;71;82
01142;07;28;37;48;69;09;19;58;79;80;17;26;42;74;82
01143;09;14;56;69;70;06;17;25;37;62;32;44;57;78;85
01144;05;27;54;72;86;03;11;42;65;85;18;38;45;68;79
01145;17;48;51;63;86;01;26;31;45;78;21;38;59;62;80
01146;26;30;48;77;90;21;34;44;57;60;06;10;51;67;80
01147;16;29;45;61;85;03;46;64;78;82;02;15;23;33;52
01148;06;10;32;43;88;03;25;58;67;77;17;50;65;74;90
01149;04;18;31;56;64;15;28;30;41;83;07;22;43;77;85
01150;20;30;58;79;86;09;14;35;57;81;06;25;45;63;76
01151;28;36;59;63;77;01;15;31;42;68;11;40;55;74;87
01152;10;31;46;51;80;24;49;50;69;72;05;29;33;63;79
01153;08;12;33;63;87;09;25;49;58;72;18;36;51;62;84
01154;19;22;43;66;78;03;28;32;69;81;01;11;44;53;70
01155;29;36;41;66;77;06;11;24;31;76;09;46;50;67;87
01156;01;20;34;43;89;19;33;50;62;74;08;10;41;55;88
01157;06;42;57;79;83;19;29;35;69;81;23;34;40;55;77
01158;09;27;61;74;87;17;38;56;70;85;13;20;42;55;65
01159;08;15;21;34;41;10;31;47;60;87;04;50;63;73;88
01160;21;31;68;70;89;02;17;33;41;52;11;23;57;61;74
01161;02;11;28;47;64;24;43;56;79;81;03;38;59;76;84
01162;40;58;69;74;87;09;26;36;52;68;07;10;25;39;83
01163;13;27;34;41;62;06;35;54;66;76;08;14;48;71;90
01164;18;24;48;58;76;09;12;64;77;89;28;31;42;54;80
01165;08;31;53;63;81;04;14;20;48;79;27;36;47;64;80
01166;01;17;28;60;75;03;35;47;58;87;16;31;45;50;67
01167;29;48;53;66;81;08;10;30;41;70;15;20;56;78;90
01168;08;19;29;52;81;30;45;64;75;87;05;13;37;67;72
01169;02;25;32;79;84;18;44;54;62;73;05;21;52;69;85
01170;07;32;46;58;75;15;27;33;47;57;12;26;60;72;82
01171;01;12;39;56;72;09;24;40;63;82;16;26;35;62;75
01172;08;13;23;43;57;16;31;64;73;90;04;32;49;78;87
01173;02;16;49;68;74;01;23;37;50;89;17;21;47;54;81
01174;15;48;60;72;89;02;26;31;49;55;19;27;50;64;82
01175;01;32;41;60;79;14;23;30;52;88;22;53;61;73;80
01176;05;25;46;50;62;12;37;47;58;76;04;32;61;75;89
01177;17;21;39;51;65;09;16;26;58;73;08;34;42;68;82
01178;20;45;63;75;85;08;19;47;56;61;16;27;34;70;82
01179;09;18;28;57;65;10;39;40;78;80;06;25;32;56;71
01180;07;18;26;62;90;31;46;55;61;88;14;22;35;43;74
01181;31;51;64;70;81;04;12;28;42;88;03;49;57;68;74
01182;01;15;31;78;80;33;40;53;65;76;08;25;41;51;87
01183;04;36;47;50;68;11;28;32;51;78;03;17;27;73;87
01184;06;27;30;49;68;07;18;53;71;83;11;20;40;78;88
01185;07;14;57;67;78;05;16;27;35;63;32;43;59;74;90
01186;05;28;57;72;85;09;10;43;67;88;14;36;41;66;74
01187;19;47;59;64;82;07;25;35;44;74;28;37;50;61;90
01188;23;37;44;72;89;20;32;49;56;69;05;16;57;67;81
01189;16;24;47;69;88;01;44;60;73;81;09;10;28;35;50
01190;04;17;39;44;82;09;24;59;66;75;14;52;65;71;89
01191;01;16;38;55;67;19;22;39;48;82;09;23;46;73;87
01192;24;36;59;70;90;07;14;32;56;88;03;28;47;65;73
01193;20;38;50;68;79;09;14;39;49;65;18;48;58;78;84
01194;14;34;45;50;89;23;46;53;60;70;08;27;32;61;77
01195;07;10;33;66;85;01;28;43;56;72;19;35;50;61;86
01196;17;28;45;68;77;03;27;31;64;85;09;12;41;55;76
01197;21;32;42;67;78;04;10;23;33;70;08;47;54;68;86
01198;07;22;38;49;84;12;37;51;63;70;06;13;44;57;86
01199;04;41;57;71;82;13;25;36;64;87;27;33;44;56;76
01200;02;29;65;71;83;16;39;51;79;87;14;22;46;54;63
01201;08;14;20;33;43;18;37;40;66;82;09;53;60;75;87
01202;21;32;60;79;80;09;16;30;40;51;19;27;54;68;78
01203;05;17;29;44;65;20;49;54;77;80;07;36;50;73;90
01204;47;59;61;78;85;08;23;34;55;60;06;16;28;35;84
01205;11;24;38;42;69;04;33;54;68;70;05;14;45;79;81
01206;18;29;46;55;72;04;10;60;77;88;28;35;47;59;81
01207;02;33;54;61;80;06;10;23;47;79;20;37;45;68;87
01208;09;13;23;69;76;01;34;49;57;80;11;38;47;56;61
01209;20;49;54;61;89;02;19;31;44;78;10;27;50;71;82
01210;02;13;23;51;82;30;44;68;77;80;04;14;39;69;71
01211;06;28;31;77;82;12;49;58;62;71;05;25;51;68;89
01212;09;31;40;56;73;16;25;37;47;58;11;29;63;70;87
01213;09;13;38;55;71;02;21;49;66;86;15;28;31;60;76
01214;07;10;28;43;56;17;36;64;79;80;09;34;41;71;82
01215;04;19;48;67;78;03;21;30;59;88;16;27;49;50;82
01216;14;45;63;73;88;09;25;32;42;52;12;21;53;65;81
01217;04;32;48;67;77;10;25;37;50;86;21;53;64;79;87
01218;06;29;49;50;61;15;31;48;56;74;08;30;60;76;88
01219;19;20;30;56;64;01;18;25;57;74;02;32;45;61;82
01220;26;43;63;74;88;01;16;40;59;64;14;21;35;78;80
01221;01;18;20;58;65;16;37;44;74;90;08;26;35;55;70
01222;06;15;27;60;82;37;49;50;68;84;18;23;31;44;78
01223;34;54;63;71;85;05;15;21;45;84;01;41;58;65;77
01224;03;17;39;71;82;33;41;56;68;73;06;20;43;53;86
01225;09;35;49;51;60;12;20;32;58;79;08;18;28;71;86
01226;08;27;39;49;60;01;10;50;74;87;18;23;44;77;89
01227;08;15;55;61;79;05;16;23;33;63;31;45;54;72;84
01228;04;22;55;75;80;01;19;44;61;83;17;37;48;67;78
01229;13;49;52;65;87;04;25;37;46;75;29;35;55;68;82
01230;23;33;47;74;82;24;38;48;55;68;07;19;57;64;83
01231;15;24;42;62;80;05;43;65;77;90;02;14;26;31;57
01232;07;17;30;47;80;01;26;53;62;76;16;59;66;75;84
01233;02;14;33;58;65;13;26;37;42;86;01;24;41;79;89
01234;23;30;55;70;88;08;16;37;54;90;07;27;44;62;79
01235;29;37;52;64;70;05;13;30;41;69;11;40;55;71;80
01236;16;38;47;50;83;29;40;51;61;75;06;22;34;67;70
01237;09;16;34;64;86;01;28;44;59;71;13;32;57;68;90
01238;14;23;46;67;74;02;26;38;61;90;01;19;43;53;71
01239;28;30;42;65;71;03;13;25;38;76;05;43;55;60;83
01240;09;21;38;46;80;10;34;57;63;71;08;12;42;54;89
01241;01;40;50;79;85;10;28;31;68;80;26;32;41;55;78
01242;09;21;66;73;81;17;34;50;70;82;10;28;43;51;69
01243;07;14;27;33;44;15;32;48;62;88;06;59;67;74;81
01244;20;39;69;77;88;01;17;32;46;54;13;22;50;61;75
01245;03;19;23;41;65;29;46;59;78;87;05;35;56;74;83
01246;41;54;60;73;80;05;21;33;53;69;01;15;26;38;87
01247;18;28;37;43;61;03;31;56;67;79;06;16;47;70;82
01248;19;26;40;59;72;03;11;62;76;90;27;35;44;52;89
01249;04;33;54;62;86;02;13;22;41;77;25;35;49;67;90
01250;07;19;27;65;77;01;31;48;51;80;10;32;45;58;64
01251;21;45;56;67;80;01;11;39;44;79;10;29;59;71;89
01252;09;15;22;53;83;33;43;65;79;88;07;19;38;66;73
01253;03;29;35;78;85;19;49;56;69;72;06;24;50;65;84
01254;08;32;47;55;74;17;25;31;42;52;15;29;61;76;88
01255;01;18;32;57;70;03;29;46;69;84;15;24;33;63;77
01256;04;18;22;47;56;10;30;65;71;89;03;31;40;72;86
01257;03;11;43;67;75;02;22;30;58;90;10;24;45;59;83
01258;16;40;61;71;90;02;27;33;41;54;10;26;51;65;83
01259;08;34;42;65;71;15;24;35;53;80;23;56;69;70;81
01260;06;24;43;52;63;19;35;46;58;78;01;31;65;76;81

